1 5 0
2 431 774
3 -279 245
4 -204 720
5 -715 655
6 715 1538
7 470 1530
8 114 1512
9 -261 1476
10 1024 2585
11 459 2668
12 315 2603
13 204 2557
14 5 2456
15 -405 2330
16 -715 2193
17 -1471 1383
18 1060 3158
19 722 3150
20 276 3204
21 222 2758
22 -333 2804
23 -495 2668
24 -297 3266
25 -632 3313
26 -1525 3421
27 -1460 3150
28 -2399 3132
29 -2691 2766
30 -2307 3532
31 -3099 3186
32 1115 3695
33 395 3824
34 1161 4058
35 604 4242
36 1215 4360
37 1298 5005
38 1096 5077
39 704 5369
40 250 5697
41 -95 5952
42 851 5970
43 596 6197
44 222 6453
45 1388 5397
