1 2 86
1 3 37
3 5 60
3 4 52
2 6 76
2 4 63
4 5 49
6 7 23
7 8 23
8 9 38
4 9 73
6 10 110
10 11 55
11 12 14
12 13 15
13 14 19
14 15 43
7 12 107
8 14 95
9 15 86
15 16 32
16 17 112
5 17 104
10 18 55
18 19 37
19 20 48
20 24 53
24 25 34
25 26 78
26 30 88
30 31 93
11 19 53
13 21 19
21 20 44
21 22 54
22 24 44
22 23 23
15 23 32
23 25 68
16 27 125
27 26 26
27 28 94
28 29 45
28 30 45
17 29 181
29 31 57
18 32 61
32 34 37
34 36 29
36 37 65
20 33 63
33 35 45
32 33 71
34 35 59
36 35 77
37 38 21
20 38 218
38 39 49
39 40 56
40 41 43
26 41 299
37 42 114
42 43 32
43 44 43
39 42 63
40 43 59
41 44 60
31 44 960
